0.000094
0.000223
0.000068
0.000198
0.000116
0.000249
0.000236
0.000296
0.000348
0.000612
0.000445
0.000617
0.000557
0.000619
0.000699
0.000352
0.001023
0.001355
0.001268
0.001517
0.001839
0.001577
0.001566
0.000681
0.001882
0.002044
0.001173
0.009267
0.004060
0.002907
0.002771
0.003505
0.002675
0.003312
0.005441
0.003586
0.005467
0.002088
0.007437
0.004683
0.005664
0.005379
0.005377
0.006318
0.006384
0.005758
0.006911
0.009152
0.006381
0.007226
0.007192
0.011928
0.008162
0.007640
0.011199
0.008271
0.010465
0.009340
0.010591
0.008731
0.013120
0.017505
0.011199
0.011938
0.014557
0.016834
0.011853
0.011821
0.015024
0.013865
0.012557
0.020465
0.015256
0.016399
0.021578
0.014831
0.017091
0.019274
0.020830
0.017694
0.017910
0.018960
0.020534
0.023986
0.020138
0.027177
0.020503
0.019760
0.025809
0.025001
0.022825
0.025006
0.028969
0.023139
0.023141
0.027160
0.024851
0.028823
0.028730
0.030623
0.029756
0.027440
0.030105
0.027368
0.027107
0.036147
0.037485
0.037127
0.032690
0.031317
0.033270
0.047974
0.036089
0.035723
0.039744
0.039562
0.040023
0.042723
0.035965
0.039537
0.043129
0.040846
0.042088
0.041657
0.042368
0.048657
0.051412
0.044202
0.047072
0.048485
0.052592
0.050338
0.051452
0.057269
0.072080
0.067660
0.057229
0.054182
0.053203
0.072051
